# time mbps
0 0.038544
1 5.46928
2 4.333488
3 1.902112
4 9.242944
5 8.45584
6 0.0396
7 8.04332
8 8.329896
9 9.257664
10 5.12452
11 8.486256
12 9.767952
13 9.78696
14 9.807232
15 9.788592
16 9.816392
17 5.915992
18 9.783096
19 7.371952
20 0.045936
21 5.451328
22 8.305576
23 9.486824
24 6.183048
25 8.930736
26 8.925832
27 9.776456
28 5.705928
29 9.591528
30 6.135096
31 6.052928
32 9.79588
33 8.66364
34 4.923888
35 0.079728
36 9.353536
37 9.800624
38 0.443008
39 6.058272
40 8.662128
41 9.575776
42 9.791584
43 6.239232
44 9.808608
45 9.784096
46 9.799776
47 9.79232
48 9.79152
49 9.3868
50 9.783688
51 9.813568
52 2.705344
53 0.048576
54 3.866864
55 8.256504
56 9.570584
57 7.67316
58 1.121952
59 8.212352


# time mbps
0 0.03304
1 5.15912
2 4.647328
3 1.992176
4 8.570584
5 9.04604
6 0.036432
7 7.945904
8 8.247728
9 8.964896
10 5.78748
11 8.721664
12 9.794288
13 9.219824
14 6.898704
15 8.100272
16 4.852256
17 6.470976
18 9.813824
19 9.788608
20 3.322256
21 0.12144
22 9.004384
23 9.082944
24 9.657936
25 9.809
26 9.212904
27 9.80752
28 9.796768
29 9.799152
30 9.787448
31 6.462264
32 9.421096
33 9.253592
34 0.146168
35 4.755664
36 8.953872
37 5.9288
38 3.10328
39 9.475608
40 8.560608
41 8.215608
42 8.397384
43 9.802792
44 9.792176
45 1.566256
46 7.20928
47 9.807976
48 3.054552
49 9.794688
50 9.805936
51 8.36256
52 8.311424
53 2.490736
54 0.104016
55 9.501992
56 6.595304
57 9.780624
58 3.516632
59 7.79008


# time mbps
0 0.03696
1 5.635872
2 4.166032
3 3.414432
4 7.586
5 8.623608
6 9.694896
7 9.807568
8 9.801792
9 5.9974
10 7.622912
11 9.419504
12 9.165016
13 1.24732
14 9.811712
15 8.933296
16 2.965536
17 9.812608
18 8.479576
19 6.901864
20 1.807408
21 8.211592
22 8.784408
23 8.761168
24 3.738248
25 9.452072
26 9.624216
27 8.718576
28 8.97752
29 8.953384
30 3.3868
31 8.257624
32 9.3272
33 9.129768
34 2.69112
35 2.353952
36 9.77944
37 9.638416
38 9.787104
39 9.800176
40 9.735104
41 3.887648
42 9.351736
43 9.79956
44 7.613752
45 3.435776
46 9.806192
47 6.42848
48 4.162032
49 9.782544
50 9.80488
51 8.301536
52 5.8682
53 1.440792
54 5.071136
55 9.804224
56 6.79388
57 7.620008
58 4.466664
59 5.428336


# time mbps
0 0.038352
1 5.446304
2 4.357184
3 2.251744
4 8.491072
5 8.872864
6 0.02904
7 8.246688
8 7.814384
9 8.822224
10 5.69844
11 8.70228
12 9.309344
13 9.03664
14 9.021744
15 7.676816
16 9.805312
17 9.808384
18 9.820464
19 5.657784
20 0.878312
21 5.232288
22 8.496168
23 8.951288
24 6.7238
25 8.316256
26 8.438336
27 9.805408
28 7.749528
29 8.433
30 6.337832
31 6.055568
32 9.819024
33 8.73
34 4.829104
35 1.869008
36 8.774768
37 8.960256
38 1.0444
39 8.788464
40 9.280896
41 9.271392
42 9.015992
43 8.38876
44 8.911848
45 4.192984
46 7.635776
47 9.797344
48 9.79152
49 9.8068
50 9.799344
51 9.781112
52 5.54544
53 0.819424
54 9.567384
55 9.118064
56 9.616776
57 0.349256
58 8.36228
59 1.532392


# time mbps
0 0.040128
1 5.491392
2 4.308208
3 2.14488
4 8.823432
5 8.66796
6 0.033792
7 8.279256
8 8.308344
9 8.63368
10 7.355632
11 8.629992
12 9.151944
13 8.47156
14 7.78016
15 8.446696
16 3.517512
17 7.966928
18 9.818048
19 8.461144
20 3.132664
21 3.82264
22 8.846856
23 9.799536
24 9.78264
25 9.803408
26 9.789184
27 8.866856
28 7.72852
29 7.440408
30 7.853256
31 7.233856
32 4.360024
33 6.676976
34 9.229144
35 0.072336
36 4.539616
37 9.797448
38 5.249544
39 2.51704
40 9.427264
41 8.746416
42 8.627888
43 6.534744
44 9.546304
45 9.308128
46 9.794096
47 4.216216
48 8.7516
49 9.80096
50 9.78712
51 8.405272
52 9.16344
53 3.00828
54 0.101904
55 5.004032
56 9.80844
57 9.783264
58 9.787696
59 9.869648


# time mbps
0 7.56592
1 3.387336
2 0.010032
3 3.471296
4 6.904368
5 8.432712
6 0.860104
7 6.183584
8 8.848576
9 8.652224
10 6.146072
11 8.89488
12 9.263072
13 8.672256
14 9.10972
15 8.166704
16 4.62396
17 6.966976
18 9.815376
19 9.12824
20 3.456048
21 0.802288
22 9.088128
23 7.93656
24 9.701584
25 9.805296
26 6.890744
27 8.809056
28 7.203528
29 8.513592
30 9.014896
31 9.795616
32 9.799968
33 9.798016
34 3.03336
35 4.868864
36 9.037504
37 5.683408
38 3.066944
39 9.645624
40 8.1446
41 7.936064
42 8.998112
43 9.801016
44 9.781696
45 1.509592
46 9.270696
47 9.616352
48 0.800296
49 8.587776
50 9.715408
51 7.955568
52 7.860792
53 4.775976
54 2.01072
55 8.32548
56 9.803232
57 9.409296
58 1.591744
59 8.153928


# time mbps
0 0.036544
1 5.500784
2 4.29976
3 1.787328
4 8.302096
5 9.484696
6 0.069016
7 8.299328
8 7.891096
9 9.80752
10 8.397216
11 9.804376
12 9.81024
13 8.29316
14 6.877008
15 9.048536
16 9.0938
17 4.327176
18 4.097312
19 7.946
20 7.650424
21 1.080304
22 8.802192
23 8.716416
24 9.820608
25 9.701584
26 6.31412
27 8.769024
28 9.783224
29 8.173456
30 7.326672
31 5.689568
32 7.446808
33 9.820112
34 6.477208
35 0.291936
36 9.77944
37 9.25724
38 0.569928
39 9.518728
40 9.509936
41 9.804288
42 9.781984
43 9.806448
44 8.735384
45 7.628976
46 7.113088
47 8.866568
48 9.25064
49 0.69504
50 8.557464
51 8.579016
52 8.045032
53 4.739104
54 5.387592
55 6.75844
56 9.791736
57 7.652664
58 2.463648
59 7.39764


# time mbps
0 0.038816
1 5.450224
2 4.352432
3 1.738352
4 8.112528
5 9.474776
6 0.32276
7 7.508416
8 8.92916
9 8.0818
10 6.508888
11 8.161952
12 8.37524
13 9.028192
14 9.448848
15 7.67788
16 4.833808
17 6.605792
18 9.823856
19 9.08196
20 9.5108
21 9.710112
22 9.784896
23 7.655872
24 5.929256
25 9.66216
26 9.487328
27 4.343
28 8.113976
29 9.536928
30 3.330904
31 7.242888
32 8.88596
33 9.779576
34 2.247736
35 3.794128
36 9.0976
37 6.7292
38 2.284976
39 8.430824
40 8.886536
41 8.362552
42 8.861216
43 8.328264
44 8.242496
45 5.466192
46 1.117392
47 9.791128
48 8.672032
49 4.197272
50 9.794824
51 9.7986
52 9.804352
53 9.802976
54 9.798688
55 9.796976
56 8.98484
57 0.623928
58 9.80444
59 9.308672


# time mbps
0 0.03624
1 5.43208
2 8.131592
3 9.796016
4 8.354584
5 0.0
6 0.0264
7 8.421504
8 8.467688
9 8.05876
10 4.515784
11 9.543696
12 9.269344
13 8.78176
14 7.27616
15 8.13448
16 6.061776
17 5.903888
18 9.79324
19 9.822832
20 3.881528
21 6.580848
22 8.296104
23 8.787528
24 6.315192
25 9.2618
26 9.7954
27 8.909224
28 5.477936
29 9.078768
30 5.981632
31 4.139888
32 9.085544
33 9.553624
34 9.78888
35 9.80968
36 8.600952
37 0.377496
38 0.825792
39 9.17332
40 9.167256
41 9.191856
42 5.942856
43 9.18976
44 7.396328
45 7.4868
46 5.455664
47 9.418328
48 5.296632
49 7.662608
50 9.802704
51 9.11092
52 9.389832
53 3.171632
54 0.10824
55 5.174624
56 9.58956
57 9.803704
58 4.818264
59 2.78608


